function [a,b] = butcher_RK6a()
  %{
  Butcher's RK6 
  %}

  a = zeros(7,7);
  a(2,1:1) = [1/3];
  a(3,1:2) = [0, 2/3];
  a(4,1:3) = [1/12, 1/3, -1/12];
  a(5,1:4) = [-1/16, 9/8, -3/16, -3/8];
  a(6,1:5) = [0, 9/8, -3/8, -3/4, 1/2];
  a(7,1:6) = [9/44, -9/11, 63/44, 18/11, 0, -16/11];

  b = [11/120, 0, 27/40, 27/40, -4/15, -4/15, 11/120];
end