function [a,b] = butcher_RK6b()
  %{
  Butcher's RK6 
  %}

  a = zeros(7,7);
  a(2,1:1) = [1];
  a(3,1:2) = [4/9, 2/9];
  a(4,1:3) = [11/36, 1/9, -1/12];
  a(5,1:4) = [151/36, 29/9, -7/4, -6];
  a(6,1:5) = [-112/9, -116/9, 32/3, 18, -2];
  a(7,1:6) = [-5/4, -29/23, 397/276, 152/69, -10/69, 1/69];

  b = [23/160, 0, 29/80, 29/80, -1/160, -1/160, 23/160];
end