function [a,b] = butcher_RK6c()
  %{
  Butcher's RK6 
  %}


  a = zeros(7,7);
  a(2,1:1) = [1/2];
  a(3,1:2) = [2/9, 4/9];
  a(4,1:3) = [7/36, 2/9, -1/12];
  a(5,1:4) = [-35/144, -55/36, 35/48, 15/8];
  a(6,1:5) = [-1/360, -11/36, -1/8, 1/2, 1/10];
  a(7,1:6) = [-41/260, 22/13, 43/156, -118/39, 32/195, 80/39];

  b = [13/200, 0, 11/40, 11/40, 4/25, 4/25, 13/200];
end