function [a,b] = fehlberg_RK56()
  %{
  The sixth order method of Fehlberg's embedded 5(6) scheme.
  %}

  a = zeros(8,8);
  a(2,1:1) = [1/6];
  a(3,1:2) = [4/75, 16/75];
  a(4,1:3) = [5/6, -8/3, 5/2];
  a(5,1:4) = [-8/5, 144/25, -4, 16/25];
  a(6,1:5) = [361/320, -18/5, 407/128, -11/80, 55/128];
  a(7,1:6) = [-11/640, 0, 11/256, -11/160, 11/256, 0];
  a(8,1:7) = [93/640, -18/5, 803/256, -11/160, 99/256, 0, 1];

  b = [7/1408, 0, 1125/2816, 9/32, 125/768, 0, 5/66, 5/66];
end