function [a,b] = fehlberg_RK67()
  %{
  The sixth order method of Fehlberg's embedded 6(7) scheme.
  %}

  a = zeros(10,10);
  a(2,1:1) = [2/33];
  a(3,1:2) = [0,4/33];
  a(4,1:3) = [1/22, 0, 3/22];
  a(5,1:4) = [43/64, 0, -165/64, 77/32];
  a(6,1:5) = [-2383/486, 0, 1067/54, -26312/1701, 2176/1701];
  a(7,1:6) = [10077/4802, 0, -5643/686, 116259/16807, -6240/16807, 1053/2401];
  a(8,1:7) = [-733/176, 0, 141/8, -335763/23296, 216/77, -4617/2816, 7203/9152];
  a(9,1:8) = [15/352, 0, 0, -5445/46592, 18/77, -1215/5632, 1029/18304, 0];
  a(10,1:9) = [-1833/352, 0, 141/8, -51237/3584, 18/7, -729/512, 1029/1408, 0, 1];

  b = [77/1440, 0, 0, 1771561/6289920, 32/105, 243/2560, 16807/74880, 11/270, 0, 0];
end