function [a,b] = huta_RK6()

  a = zeros(7,7);
  a(2,1:1) = [1/9];
  a(3,1:2) = [1, 3]/24;
  a(4,1:3) = [1, -3, 4]/6;
  a(5,1:4) = [278, -945, 840, 99]/544;
  a(6,1:5) = [-106, 273, -104, -107, 48]/6;
  a(7,1:6) = [110974, -236799, 68376, 103803, -10240, 1926]/45648;
  a(8,1:7) = [-101195, 222534, -71988, -26109, -20000, -72, 22824]/25994;
  b = [41, 0, 216, 27, 272, 27, 216, 41]/840;
end