function [a,b] = lawson_RK6ES()
  %{
  Lawson's extended stability RK6
  %}

  a = zeros(7,7);
  a(2,1) =   0.202276644898140634933337;
  a(3,1) =   0.075853741836802738100001;
  a(3,2) =   0.227561225510408214300004;
  a(4,1) =   1.359282217283300317252891;
  a(4,2) =  -5.237885702628806615657060;
  a(4,3) =   4.753603485345506298404170;
  a(5,1) =  -0.321092002258021684715280;
  a(5,2) =   1.651353127922382381290896;
  a(5,3) =  -0.905286676763720493279991;
  a(5,4) =   0.075025551099359796704375;
  a(6,1) =   0.292321839349363565719798;
  a(6,2) =  -0.748269386089829516522437;
  a(6,3) =   0.592470844966485039986419;
  a(6,4) =  -0.039554538849143620302490;
  a(6,5) =   0.028031240623124531118711;
  a(7,1) = -20.662761894904085188637368;
  a(7,2) =  63.852320946332118743247958;
  a(7,3) = -74.151750947688834248615863;
  a(7,4) =   0.864117644373384395219349;
  a(7,5) =  14.505481659294823706193336;
  a(7,6) =  16.592592592592592592592588;


  b = zeros(1,7);
  b(1) = 0.014285714285714285714286;
  b(4) = 0.270899470899470899470899;
  b(5) = 0.429629629629629629629630;
  b(6) = 0.270899470899470899470899;
  b(7) = 0.014285714285714285714286;
end