function [a,b] = prince_RK65()
  %{
  Butcher's RK6 
  %}

  a = zeros(8,8);
  a(2,1:1) = [1/10];
  a(3,1:2) = [-2/81, 20/81];
  a(4,1:3) = [615/1372, -270/343, 1053/1372];
  a(5,1:4) = [3243/5500, -54/55, 50949/71500, 4998/17875];
  a(6,1:5) = [-26492/37125, 72/55, 2808/23375, -24206/37125, 338/459];
  a(7,1:6) = [5561/2376, -35/11, -24117/31603, 899983/200772, -5225/1836, 3925/4056];
  a(8,1:7) = [465467/266112, -2945/1232, -5610201/14158144, 10513573/3212352, -424325/205632, 376225/454272, 0];
  
  b = [61/864, 0, 98415/321776, 16807/146016, 1375/7344, 1375/5408, -37/1120, 1/10];
end