function [a,b] = RK6_uniform()
  %{
  Luther's RK6 "An Explicit Sixth-Order Runge-Kutta Formula"
  %}

  a=[0, 0, 0, 0, 0, 0, 0, 0;
     1/6, 0, 0, 0, 0, 0, 0, 0;
     1/12, 1/12, 0, 0, 0, 0, 0, 0;
     0, -4/33, 5/11, 0, 0, 0, 0, 0;
     -1/4, -29/44, 31/22, 0, 0, 0, 0, 0;
     3/11, 8/33, -4/11, 1/11, 14/33, 0, 0, 0;
     -17/48,-5/12, 1, 1, -13/12, 11/16, 0, 0;
     20/39, 12/39,-31/39,-1/39, 34/39,-11/39, 16/39, 0];
  b = [13/200;0;4/25;11/40;0;11/40;4/25;13/200];
end