function [a,b] = verner_RK659b()
  %{
  verner's 6(5)9a solution
  %}

  a = zeros(8,8);

  a(2,1:1) = [1/8];
  a(3,1:2) = [1/18, 1/9];
  a(4,1:3) = [1/16, 0, 3/16];
  a(5,1:4) = [1/4, 0, -3/4, 1];
  a(6,1:5) = [134/625, 0, -333/625, 476/625, 98/625];
  a(7,1:6) = [-98/1875, 0, 12/625, 10736/13125, -1936/1875, 22/21];
  a(8,1:7) = [9/50, 0, 21/25, -2924/1925, 74/25, -15/7, 15/22];

  b = [11/144, 0, 0, 256/693, 0, 125/504, 125/528, 5/72];
end