function [a,b] = verner_RK659a()
  %{
  verner's 6(5)9a solution
  %}

  a = zeros(9,9);
  s = sqrt(10);

  a(2,1:1) = [1/8] + s*[0];
  a(3,1:2) = [-268/405, 448/405] + s*[92/405, -128/405];
  a(4,1:3) = [1/6, 0, 1/2] + s*[-1/30, 0, -1/10];
  a(5,1:4) = [11547/32768, 0, -18225/32768, 12555/16384] + s*[405/16384, 0, -5103/16384, 2349/8192];
  a(6,1:5) = [19662371/51149376, 0, -3786045/5683264, 1570556745/1821486112, -41227072/512292969] + s*[441281/12787344, 0, -252663/710408, 290041461/910743056, 1374464/512292969];
  a(7,1:6) = [-154207593/369412160, 0, 2659895739/1847060800, -349492176711/591982986400, 153920585664/92497341625, -1944/1625]...
          +s*[-1829424339/11544130000, 0, 653855409/1154413000, -359784638379/1479957466000, 311066673408/462486708125, -6804/8125];
  a(8,1:7) = [ 70594945601/21406013856, 0, -794525145/88090592]
  a(9,1:8) = 

  b = [31/324, 0, 0, 37435/69228, -1245184/1090341, 71/54, 625/486, -23/21] + s*[-37/4860, 0, 0, -3235/69228, 9699328/16355115, -74/135, -250/729, 37/105, -2/135];
end